Building datasets...
Initializing model
Training the model
Epoch [1/10], Step [50/60], Loss: 7.0412, Accuracy: 6.00%
Epoch [2/10], Step [50/60], Loss: 4.4908, Accuracy: 9.00%
Epoch [3/10], Step [50/60], Loss: 3.5345, Accuracy: 21.00%
Epoch [4/10], Step [50/60], Loss: 2.4911, Accuracy: 43.00%
Epoch [5/10], Step [50/60], Loss: 1.5983, Accuracy: 59.00%
Epoch [6/10], Step [50/60], Loss: 0.8361, Accuracy: 77.00%
Epoch [7/10], Step [50/60], Loss: 0.2557, Accuracy: 94.00%
Epoch [8/10], Step [50/60], Loss: 0.0366, Accuracy: 100.00%
Epoch [9/10], Step [50/60], Loss: 0.0153, Accuracy: 100.00%
Epoch [10/10], Step [50/60], Loss: 0.0080, Accuracy: 100.00%
tensor([193,  45, 135,  36,  60,  93, 143,  75, 149,  22,   0,   7,  56,   7,
         68,  71, 111, 193,  45, 113, 129,  27,   2, 105,   1,   2,   4, 136,
          1, 142,  61, 163,  32,  67, 144,  50,   1,  91,  77,   1, 159, 194,
        122,  58,  67,  52,  30,  79,  23,  59, 140,   7,   2,  74,  44,   8,
          6, 188,   1, 140,  62, 178,  23, 164,  61,   2,  86,   1, 165, 145,
         90, 143, 144,  45,   2,  74,   0,  64,   1, 131, 143,  71,  71,  89,
        105,  25,  45,  71, 150, 183, 123,  93, 102,  29,   3,  43,   3, 199,
          3,  24]) tensor([0., 0., 0., 0., 0., 0., 0., 0., 0., 0., 0., 0., 0., 0., 0., 0., 0., 0.,
        0., 0., 0., 0., 0., 0., 0., 0., 0., 0., 0., 0., 1., 1., 1., 1., 1., 1.,
        1., 1., 1., 1., 1., 1., 1., 1., 1., 1., 1., 1., 1., 1., 1., 1., 1., 1.,
        1., 1., 1., 1., 1., 1., 2., 2., 2., 2., 2., 2., 2., 2., 2., 2., 2., 2.,
        2., 2., 2., 2., 2., 2., 2., 2., 2., 2., 2., 2., 2., 2., 2., 2., 3., 3.,
        3., 3., 3., 3., 3., 3., 3., 3., 3., 3.])
